6.340000000000000000e+02,0.000000000000000000e+00,0.000000000000000000e+00,0.000000000000000000e+00,0.000000000000000000e+00,0.000000000000000000e+00,0.000000000000000000e+00,0.000000000000000000e+00,0.000000000000000000e+00,9.927416801452636719e+00,2.586150512695312500e+02,0.000000000000000000e+00,0.000000000000000000e+00,1.336317062377929688e+01,2.772941894531250000e+02,0.000000000000000000e+00,0.000000000000000000e+00,2.241078567504882812e+01,2.961880187988281250e+02,0.000000000000000000e+00,0.000000000000000000e+00,0.000000000000000000e+00,0.000000000000000000e+00,6.074687004089355469e+00,3.164512939453125000e+02,1.343123245239257812e+01,3.172528381347656250e+02,1.446920585632324219e+01,3.460385742187500000e+02,2.021775054931640625e+01,3.449278564453125000e+02,1.632956123352050781e+01,3.729180908203125000e+02,2.117622375488281250e+01,3.730399475097656250e+02
6.350000000000000000e+02,0.000000000000000000e+00,0.000000000000000000e+00,0.000000000000000000e+00,0.000000000000000000e+00,0.000000000000000000e+00,0.000000000000000000e+00,0.000000000000000000e+00,0.000000000000000000e+00,1.418422508239746094e+01,2.577409973144531250e+02,0.000000000000000000e+00,0.000000000000000000e+00,1.617192649841308594e+01,2.765986022949218750e+02,0.000000000000000000e+00,0.000000000000000000e+00,2.415874099731445312e+01,2.959670715332031250e+02,0.000000000000000000e+00,0.000000000000000000e+00,0.000000000000000000e+00,0.000000000000000000e+00,7.112510204315185547e+00,3.139339294433593750e+02,1.666829681396484375e+01,3.154447326660156250e+02,1.553002738952636719e+01,3.464326782226562500e+02,1.755170059204101562e+01,3.467911376953125000e+02,1.804276084899902344e+01,3.758339233398437500e+02,2.206967353820800781e+01,3.745130004882812500e+02
6.360000000000000000e+02,0.000000000000000000e+00,0.000000000000000000e+00,0.000000000000000000e+00,0.000000000000000000e+00,0.000000000000000000e+00,0.000000000000000000e+00,0.000000000000000000e+00,0.000000000000000000e+00,1.759707641601562500e+01,2.573067626953125000e+02,3.379835367202758789e+00,2.733519897460937500e+02,2.004000854492187500e+01,2.770729370117187500e+02,0.000000000000000000e+00,0.000000000000000000e+00,2.750518989562988281e+01,2.960956420898437500e+02,0.000000000000000000e+00,0.000000000000000000e+00,0.000000000000000000e+00,0.000000000000000000e+00,8.667227745056152344e+00,3.128719787597656250e+02,2.005009460449218750e+01,3.142130126953125000e+02,1.699628829956054688e+01,3.462731933593750000e+02,0.000000000000000000e+00,0.000000000000000000e+00,1.833935165405273438e+01,3.759826660156250000e+02,0.000000000000000000e+00,0.000000000000000000e+00
6.370000000000000000e+02,0.000000000000000000e+00,0.000000000000000000e+00,0.000000000000000000e+00,0.000000000000000000e+00,0.000000000000000000e+00,0.000000000000000000e+00,0.000000000000000000e+00,0.000000000000000000e+00,1.986437225341796875e+01,2.567871093750000000e+02,8.577824592590332031e+00,2.727486572265625000e+02,2.330484008789062500e+01,2.778570251464843750e+02,0.000000000000000000e+00,0.000000000000000000e+00,2.942591094970703125e+01,2.986610717773437500e+02,0.000000000000000000e+00,0.000000000000000000e+00,0.000000000000000000e+00,0.000000000000000000e+00,1.206845569610595703e+01,3.146552734375000000e+02,2.258462333679199219e+01,3.152666625976562500e+02,1.800203514099121094e+01,3.464233093261718750e+02,0.000000000000000000e+00,0.000000000000000000e+00,1.872111320495605469e+01,3.770471191406250000e+02,0.000000000000000000e+00,0.000000000000000000e+00
6.380000000000000000e+02,0.000000000000000000e+00,0.000000000000000000e+00,0.000000000000000000e+00,0.000000000000000000e+00,0.000000000000000000e+00,0.000000000000000000e+00,0.000000000000000000e+00,0.000000000000000000e+00,2.283823776245117188e+01,2.572669677734375000e+02,1.131528949737548828e+01,2.717317199707031250e+02,2.696057510375976562e+01,2.769071044921875000e+02,0.000000000000000000e+00,0.000000000000000000e+00,3.285821914672851562e+01,2.973138122558593750e+02,0.000000000000000000e+00,0.000000000000000000e+00,0.000000000000000000e+00,0.000000000000000000e+00,1.617345809936523438e+01,3.132956542968750000e+02,2.517693901062011719e+01,3.142053833007812500e+02,1.992317008972167969e+01,3.456078796386718750e+02,2.085098457336425781e+01,3.442015380859375000e+02,1.969412231445312500e+01,3.758373413085937500e+02,1.961763572692871094e+01,3.777891235351562500e+02
6.390000000000000000e+02,3.232550811767578125e+01,2.574404296875000000e+02,0.000000000000000000e+00,0.000000000000000000e+00,3.033134460449218750e+01,2.547066497802734375e+02,0.000000000000000000e+00,0.000000000000000000e+00,2.602070236206054688e+01,2.569458618164062500e+02,1.498959827423095703e+01,2.714183044433593750e+02,2.988832473754882812e+01,2.760281066894531250e+02,0.000000000000000000e+00,0.000000000000000000e+00,3.628660964965820312e+01,2.953212280273437500e+02,0.000000000000000000e+00,0.000000000000000000e+00,0.000000000000000000e+00,0.000000000000000000e+00,1.733608055114746094e+01,3.111005554199218750e+02,2.791416931152343750e+01,3.121849060058593750e+02,2.211307144165039062e+01,3.422309875488281250e+02,4.733696365356445312e+01,3.372331542968750000e+02,1.976806068420410156e+01,3.752437744140625000e+02,0.000000000000000000e+00,0.000000000000000000e+00
6.400000000000000000e+02,0.000000000000000000e+00,0.000000000000000000e+00,0.000000000000000000e+00,0.000000000000000000e+00,3.416026687622070312e+01,2.535500030517578125e+02,0.000000000000000000e+00,0.000000000000000000e+00,2.986663818359375000e+01,2.561428222656250000e+02,1.947336959838867188e+01,2.709107971191406250e+02,3.368237304687500000e+01,2.753381652832031250e+02,0.000000000000000000e+00,0.000000000000000000e+00,3.972259902954101562e+01,2.954209899902343750e+02,0.000000000000000000e+00,0.000000000000000000e+00,0.000000000000000000e+00,0.000000000000000000e+00,2.095482254028320312e+01,3.095808105468750000e+02,3.072842025756835938e+01,3.115643920898437500e+02,2.520348739624023438e+01,3.406813049316406250e+02,5.255786514282226562e+01,3.383829956054687500e+02,2.037396621704101562e+01,3.751605224609375000e+02,0.000000000000000000e+00,0.000000000000000000e+00
6.410000000000000000e+02,0.000000000000000000e+00,0.000000000000000000e+00,0.000000000000000000e+00,0.000000000000000000e+00,0.000000000000000000e+00,0.000000000000000000e+00,0.000000000000000000e+00,0.000000000000000000e+00,3.413375473022460938e+01,2.556385040283203125e+02,2.289538192749023438e+01,2.704683837890625000e+02,3.799772262573242188e+01,2.750115966796875000e+02,0.000000000000000000e+00,0.000000000000000000e+00,4.294891738891601562e+01,2.941833190917968750e+02,0.000000000000000000e+00,0.000000000000000000e+00,0.000000000000000000e+00,0.000000000000000000e+00,2.472372055053710938e+01,3.089069213867187500e+02,3.384477996826171875e+01,3.113732299804687500e+02,0.000000000000000000e+00,0.000000000000000000e+00,2.946750450134277344e+01,3.403494873046875000e+02,0.000000000000000000e+00,0.000000000000000000e+00,2.115523719787597656e+01,3.725209045410156250e+02
6.420000000000000000e+02,0.000000000000000000e+00,0.000000000000000000e+00,0.000000000000000000e+00,0.000000000000000000e+00,0.000000000000000000e+00,0.000000000000000000e+00,0.000000000000000000e+00,0.000000000000000000e+00,3.793439865112304688e+01,2.540829162597656250e+02,2.565240097045898438e+01,2.697643432617187500e+02,4.162674331665039062e+01,2.734770812988281250e+02,0.000000000000000000e+00,0.000000000000000000e+00,4.499607086181640625e+01,2.934533691406250000e+02,0.000000000000000000e+00,0.000000000000000000e+00,0.000000000000000000e+00,0.000000000000000000e+00,2.954818725585937500e+01,3.093571777343750000e+02,3.945753860473632812e+01,3.112056579589843750e+02,3.390196609497070312e+01,3.403391723632812500e+02,6.089249420166015625e+01,3.408014526367187500e+02,2.322504806518554688e+01,3.691330261230468750e+02,0.000000000000000000e+00,0.000000000000000000e+00
6.430000000000000000e+02,0.000000000000000000e+00,0.000000000000000000e+00,0.000000000000000000e+00,0.000000000000000000e+00,0.000000000000000000e+00,0.000000000000000000e+00,0.000000000000000000e+00,0.000000000000000000e+00,4.069916152954101562e+01,2.537395477294921875e+02,2.982975196838378906e+01,2.687684631347656250e+02,4.543172836303710938e+01,2.726672973632812500e+02,0.000000000000000000e+00,0.000000000000000000e+00,5.036918640136718750e+01,2.925366516113281250e+02,0.000000000000000000e+00,0.000000000000000000e+00,0.000000000000000000e+00,0.000000000000000000e+00,3.519795989990234375e+01,3.061079711914062500e+02,4.618141555786132812e+01,3.084700622558593750e+02,4.043431854248046875e+01,3.383859252929687500e+02,0.000000000000000000e+00,0.000000000000000000e+00,2.735846328735351562e+01,3.665493164062500000e+02,0.000000000000000000e+00,0.000000000000000000e+00
6.440000000000000000e+02,0.000000000000000000e+00,0.000000000000000000e+00,0.000000000000000000e+00,0.000000000000000000e+00,0.000000000000000000e+00,0.000000000000000000e+00,0.000000000000000000e+00,0.000000000000000000e+00,4.507235717773437500e+01,2.526419677734375000e+02,3.161389350891113281e+01,2.674713134765625000e+02,4.919237899780273438e+01,2.716552124023437500e+02,0.000000000000000000e+00,0.000000000000000000e+00,5.439831542968750000e+01,2.905224609375000000e+02,0.000000000000000000e+00,0.000000000000000000e+00,0.000000000000000000e+00,0.000000000000000000e+00,3.842829132080078125e+01,3.064196166992187500e+02,4.964689254760742188e+01,3.080059204101562500e+02,4.702536010742187500e+01,3.351836547851562500e+02,6.654583740234375000e+01,3.404476013183593750e+02,3.197402572631835938e+01,3.600999145507812500e+02,6.329011917114257812e+01,3.802984008789062500e+02
6.450000000000000000e+02,0.000000000000000000e+00,0.000000000000000000e+00,0.000000000000000000e+00,0.000000000000000000e+00,0.000000000000000000e+00,0.000000000000000000e+00,0.000000000000000000e+00,0.000000000000000000e+00,4.759648132324218750e+01,2.506474609375000000e+02,3.446159744262695312e+01,2.646699829101562500e+02,5.188842010498046875e+01,2.687919921875000000e+02,0.000000000000000000e+00,0.000000000000000000e+00,5.802828216552734375e+01,2.868161315917968750e+02,0.000000000000000000e+00,0.000000000000000000e+00,0.000000000000000000e+00,0.000000000000000000e+00,3.970217895507812500e+01,3.001026916503906250e+02,5.147837829589843750e+01,3.029710693359375000e+02,5.374789810180664062e+01,3.313273925781250000e+02,6.652513122558593750e+01,3.352968750000000000e+02,3.769853973388671875e+01,3.560828857421875000e+02,6.396097183227539062e+01,3.799281616210937500e+02
6.460000000000000000e+02,0.000000000000000000e+00,0.000000000000000000e+00,0.000000000000000000e+00,0.000000000000000000e+00,0.000000000000000000e+00,0.000000000000000000e+00,0.000000000000000000e+00,0.000000000000000000e+00,5.104954147338867188e+01,2.493537750244140625e+02,3.680333709716796875e+01,2.631361389160156250e+02,5.468534088134765625e+01,2.673037414550781250e+02,0.000000000000000000e+00,0.000000000000000000e+00,6.136636734008789062e+01,2.846115722656250000e+02,0.000000000000000000e+00,0.000000000000000000e+00,0.000000000000000000e+00,0.000000000000000000e+00,4.639923477172851562e+01,2.986885375976562500e+02,5.749069595336914062e+01,2.999173889160156250e+02,5.761554336547851562e+01,3.298793029785156250e+02,6.601290130615234375e+01,3.329197692871093750e+02,4.417942047119140625e+01,3.530682373046875000e+02,6.384241104125976562e+01,3.769172363281250000e+02
6.470000000000000000e+02,0.000000000000000000e+00,0.000000000000000000e+00,0.000000000000000000e+00,0.000000000000000000e+00,0.000000000000000000e+00,0.000000000000000000e+00,0.000000000000000000e+00,0.000000000000000000e+00,5.330231475830078125e+01,2.484965820312500000e+02,3.866682052612304688e+01,2.629852600097656250e+02,5.709706497192382812e+01,2.654140930175781250e+02,0.000000000000000000e+00,0.000000000000000000e+00,6.491534423828125000e+01,2.820107421875000000e+02,0.000000000000000000e+00,0.000000000000000000e+00,7.721372985839843750e+01,2.683437194824218750e+02,4.457123565673828125e+01,2.992446289062500000e+02,5.825128555297851562e+01,3.004830627441406250e+02,6.255957412719726562e+01,3.254198608398437500e+02,6.609349822998046875e+01,3.276207275390625000e+02,5.129610824584960938e+01,3.513804931640625000e+02,6.578858947753906250e+01,3.757785644531250000e+02
6.480000000000000000e+02,0.000000000000000000e+00,0.000000000000000000e+00,0.000000000000000000e+00,0.000000000000000000e+00,0.000000000000000000e+00,0.000000000000000000e+00,0.000000000000000000e+00,0.000000000000000000e+00,5.641320419311523438e+01,2.470476074218750000e+02,4.168992996215820312e+01,2.620943298339843750e+02,6.065134811401367188e+01,2.648050231933593750e+02,0.000000000000000000e+00,0.000000000000000000e+00,6.877328491210937500e+01,2.828470458984375000e+02,0.000000000000000000e+00,0.000000000000000000e+00,8.044664001464843750e+01,2.678224792480468750e+02,4.521848297119140625e+01,2.983111572265625000e+02,5.911662292480468750e+01,2.992397155761718750e+02,0.000000000000000000e+00,0.000000000000000000e+00,6.819213867187500000e+01,3.266770324707031250e+02,6.055538558959960938e+01,3.519371948242187500e+02,6.464920043945312500e+01,3.575416870117187500e+02
6.490000000000000000e+02,0.000000000000000000e+00,0.000000000000000000e+00,0.000000000000000000e+00,0.000000000000000000e+00,0.000000000000000000e+00,0.000000000000000000e+00,0.000000000000000000e+00,0.000000000000000000e+00,6.206729507446289062e+01,2.454261016845703125e+02,4.722443008422851562e+01,2.611555175781250000e+02,6.556729888916015625e+01,2.634408569335937500e+02,4.601677322387695312e+01,2.807266845703125000e+02,7.415380859375000000e+01,2.805519409179687500e+02,0.000000000000000000e+00,0.000000000000000000e+00,0.000000000000000000e+00,0.000000000000000000e+00,5.351160430908203125e+01,2.936092224121093750e+02,6.577560424804687500e+01,2.958392028808593750e+02,7.187657165527343750e+01,3.270771484375000000e+02,6.883506774902343750e+01,3.299960327148437500e+02,7.513399505615234375e+01,3.519170532226562500e+02,6.528662872314453125e+01,3.613330688476562500e+02
6.500000000000000000e+02,0.000000000000000000e+00,0.000000000000000000e+00,0.000000000000000000e+00,0.000000000000000000e+00,0.000000000000000000e+00,0.000000000000000000e+00,0.000000000000000000e+00,0.000000000000000000e+00,6.449301147460937500e+01,2.459887542724609375e+02,5.032172775268554688e+01,2.613547668457031250e+02,6.860342407226562500e+01,2.629614257812500000e+02,0.000000000000000000e+00,0.000000000000000000e+00,7.764740753173828125e+01,2.801377868652343750e+02,0.000000000000000000e+00,0.000000000000000000e+00,0.000000000000000000e+00,0.000000000000000000e+00,5.672246932983398438e+01,2.948162231445312500e+02,6.836936187744140625e+01,2.963853149414062500e+02,7.444178771972656250e+01,3.241128234863281250e+02,7.047261810302734375e+01,3.271758117675781250e+02,8.269512939453125000e+01,3.470115661621093750e+02,6.622584533691406250e+01,3.609242858886718750e+02
6.510000000000000000e+02,0.000000000000000000e+00,0.000000000000000000e+00,0.000000000000000000e+00,0.000000000000000000e+00,0.000000000000000000e+00,0.000000000000000000e+00,0.000000000000000000e+00,0.000000000000000000e+00,6.720300292968750000e+01,2.456507720947265625e+02,5.257190322875976562e+01,2.613209533691406250e+02,7.167527770996093750e+01,2.627663574218750000e+02,0.000000000000000000e+00,0.000000000000000000e+00,8.002379608154296875e+01,2.798945312500000000e+02,0.000000000000000000e+00,0.000000000000000000e+00,0.000000000000000000e+00,0.000000000000000000e+00,5.933919143676757812e+01,2.957263183593750000e+02,7.103573608398437500e+01,2.960747375488281250e+02,7.596839141845703125e+01,3.237788085937500000e+02,7.151845550537109375e+01,3.274219055175781250e+02,8.895991516113281250e+01,3.444450988769531250e+02,6.580529785156250000e+01,3.615130615234375000e+02
6.520000000000000000e+02,0.000000000000000000e+00,0.000000000000000000e+00,0.000000000000000000e+00,0.000000000000000000e+00,0.000000000000000000e+00,0.000000000000000000e+00,0.000000000000000000e+00,0.000000000000000000e+00,6.985453033447265625e+01,2.448709869384765625e+02,5.617894363403320312e+01,2.609546508789062500e+02,7.374240875244140625e+01,2.620205078125000000e+02,0.000000000000000000e+00,0.000000000000000000e+00,8.237533569335937500e+01,2.788670043945312500e+02,0.000000000000000000e+00,0.000000000000000000e+00,0.000000000000000000e+00,0.000000000000000000e+00,6.315805435180664062e+01,2.963579101562500000e+02,7.383534240722656250e+01,2.970018310546875000e+02,7.899880218505859375e+01,3.225503845214843750e+02,7.411434936523437500e+01,3.278887023925781250e+02,9.255524444580078125e+01,3.420202636718750000e+02,6.668971252441406250e+01,3.587907409667968750e+02
6.530000000000000000e+02,0.000000000000000000e+00,0.000000000000000000e+00,0.000000000000000000e+00,0.000000000000000000e+00,0.000000000000000000e+00,0.000000000000000000e+00,0.000000000000000000e+00,0.000000000000000000e+00,7.230760192871093750e+01,2.443264312744140625e+02,5.931594085693359375e+01,2.602104187011718750e+02,7.688320159912109375e+01,2.611107177734375000e+02,0.000000000000000000e+00,0.000000000000000000e+00,8.474459838867187500e+01,2.783491210937500000e+02,0.000000000000000000e+00,0.000000000000000000e+00,0.000000000000000000e+00,0.000000000000000000e+00,6.579572296142578125e+01,2.944039306640625000e+02,7.730607604980468750e+01,2.955311279296875000e+02,8.279683685302734375e+01,3.205881958007812500e+02,7.531349945068359375e+01,3.298882751464843750e+02,9.408003234863281250e+01,3.420854187011718750e+02,6.623677062988281250e+01,3.592748413085937500e+02
6.540000000000000000e+02,0.000000000000000000e+00,0.000000000000000000e+00,0.000000000000000000e+00,0.000000000000000000e+00,0.000000000000000000e+00,0.000000000000000000e+00,0.000000000000000000e+00,0.000000000000000000e+00,7.507945251464843750e+01,2.439305877685546875e+02,6.224009704589843750e+01,2.596168212890625000e+02,7.919470977783203125e+01,2.606656188964843750e+02,0.000000000000000000e+00,0.000000000000000000e+00,8.745227050781250000e+01,2.775923461914062500e+02,0.000000000000000000e+00,0.000000000000000000e+00,0.000000000000000000e+00,0.000000000000000000e+00,6.903541564941406250e+01,2.950308227539062500e+02,7.984890747070312500e+01,2.963101501464843750e+02,8.712718200683593750e+01,3.204012756347656250e+02,7.816348266601562500e+01,3.287690124511718750e+02,9.649828338623046875e+01,3.435680236816406250e+02,6.810036468505859375e+01,3.578789978027343750e+02
6.550000000000000000e+02,0.000000000000000000e+00,0.000000000000000000e+00,0.000000000000000000e+00,0.000000000000000000e+00,0.000000000000000000e+00,0.000000000000000000e+00,0.000000000000000000e+00,0.000000000000000000e+00,7.742359924316406250e+01,2.424246978759765625e+02,6.549469757080078125e+01,2.577990112304687500e+02,8.201016998291015625e+01,2.591545410156250000e+02,0.000000000000000000e+00,0.000000000000000000e+00,9.040237426757812500e+01,2.774158935546875000e+02,0.000000000000000000e+00,0.000000000000000000e+00,0.000000000000000000e+00,0.000000000000000000e+00,7.217740631103515625e+01,2.943020019531250000e+02,8.333543395996093750e+01,2.955582885742187500e+02,8.954658508300781250e+01,3.197973327636718750e+02,8.254711151123046875e+01,3.261237792968750000e+02,9.715930175781250000e+01,3.432214355468750000e+02,7.049984741210937500e+01,3.546032409667968750e+02
6.560000000000000000e+02,0.000000000000000000e+00,0.000000000000000000e+00,0.000000000000000000e+00,0.000000000000000000e+00,0.000000000000000000e+00,0.000000000000000000e+00,0.000000000000000000e+00,0.000000000000000000e+00,8.016477203369140625e+01,2.410871276855468750e+02,6.828048706054687500e+01,2.556896209716796875e+02,8.497183227539062500e+01,2.576044921875000000e+02,0.000000000000000000e+00,0.000000000000000000e+00,9.282067871093750000e+01,2.753174438476562500e+02,0.000000000000000000e+00,0.000000000000000000e+00,0.000000000000000000e+00,0.000000000000000000e+00,7.255532836914062500e+01,2.910017700195312500e+02,8.421065521240234375e+01,2.919924316406250000e+02,9.154684448242187500e+01,3.186441040039062500e+02,8.859055328369140625e+01,3.226134643554687500e+02,9.760661315917968750e+01,3.432972412109375000e+02,7.520371246337890625e+01,3.494302368164062500e+02
6.570000000000000000e+02,0.000000000000000000e+00,0.000000000000000000e+00,0.000000000000000000e+00,0.000000000000000000e+00,0.000000000000000000e+00,0.000000000000000000e+00,0.000000000000000000e+00,0.000000000000000000e+00,8.264273071289062500e+01,2.390350494384765625e+02,7.091206359863281250e+01,2.539573974609375000e+02,8.764568328857421875e+01,2.555885162353515625e+02,0.000000000000000000e+00,0.000000000000000000e+00,9.492358398437500000e+01,2.729244384765625000e+02,0.000000000000000000e+00,0.000000000000000000e+00,0.000000000000000000e+00,0.000000000000000000e+00,7.438990783691406250e+01,2.886131591796875000e+02,8.679269409179687500e+01,2.901573181152343750e+02,9.067142486572265625e+01,3.151574401855468750e+02,9.346601104736328125e+01,3.198406066894531250e+02,9.817687988281250000e+01,3.433598022460937500e+02,7.894120788574218750e+01,3.439920043945312500e+02
6.580000000000000000e+02,0.000000000000000000e+00,0.000000000000000000e+00,0.000000000000000000e+00,0.000000000000000000e+00,0.000000000000000000e+00,0.000000000000000000e+00,0.000000000000000000e+00,0.000000000000000000e+00,8.504845428466796875e+01,2.378627777099609375e+02,7.333457946777343750e+01,2.532194213867187500e+02,8.922659301757812500e+01,2.544413909912109375e+02,0.000000000000000000e+00,0.000000000000000000e+00,9.738739013671875000e+01,2.705928955078125000e+02,0.000000000000000000e+00,0.000000000000000000e+00,0.000000000000000000e+00,0.000000000000000000e+00,7.885250854492187500e+01,2.877961425781250000e+02,8.970867919921875000e+01,2.876209106445312500e+02,8.939815521240234375e+01,3.127045898437500000e+02,9.235128784179687500e+01,3.141993103027343750e+02,9.698826599121093750e+01,3.403324279785156250e+02,8.748937988281250000e+01,3.368013610839843750e+02
6.590000000000000000e+02,0.000000000000000000e+00,0.000000000000000000e+00,0.000000000000000000e+00,0.000000000000000000e+00,0.000000000000000000e+00,0.000000000000000000e+00,0.000000000000000000e+00,0.000000000000000000e+00,8.685835266113281250e+01,2.363007965087890625e+02,7.530818939208984375e+01,2.511730804443359375e+02,9.057604217529296875e+01,2.520724639892578125e+02,0.000000000000000000e+00,0.000000000000000000e+00,9.753002929687500000e+01,2.662767944335937500e+02,0.000000000000000000e+00,0.000000000000000000e+00,1.002767181396484375e+02,2.720046386718750000e+02,8.129990386962890625e+01,2.880180969238281250e+02,9.193647003173828125e+01,2.869681091308593750e+02,9.078690338134765625e+01,3.119973144531250000e+02,9.988080596923828125e+01,3.132016601562500000e+02,9.629542541503906250e+01,3.404608459472656250e+02,9.038319396972656250e+01,3.371835327148437500e+02
6.600000000000000000e+02,0.000000000000000000e+00,0.000000000000000000e+00,0.000000000000000000e+00,0.000000000000000000e+00,0.000000000000000000e+00,0.000000000000000000e+00,0.000000000000000000e+00,0.000000000000000000e+00,8.947518920898437500e+01,2.351854400634765625e+02,7.800537872314453125e+01,2.503258819580078125e+02,9.346575164794921875e+01,2.518783569335937500e+02,0.000000000000000000e+00,0.000000000000000000e+00,1.005627822875976562e+02,2.673487854003906250e+02,0.000000000000000000e+00,0.000000000000000000e+00,1.024487152099609375e+02,2.714473571777343750e+02,8.394547271728515625e+01,2.865117797851562500e+02,9.421710205078125000e+01,2.859199218750000000e+02,9.185739135742187500e+01,3.124537963867187500e+02,1.070028228759765625e+02,3.087005615234375000e+02,9.365969085693359375e+01,3.376925659179687500e+02,9.530008697509765625e+01,3.351304016113281250e+02
6.610000000000000000e+02,0.000000000000000000e+00,0.000000000000000000e+00,0.000000000000000000e+00,0.000000000000000000e+00,0.000000000000000000e+00,0.000000000000000000e+00,0.000000000000000000e+00,0.000000000000000000e+00,9.176892852783203125e+01,2.344478759765625000e+02,7.998732757568359375e+01,2.494403686523437500e+02,9.550906372070312500e+01,2.508900146484375000e+02,0.000000000000000000e+00,0.000000000000000000e+00,1.027057189941406250e+02,2.676781005859375000e+02,0.000000000000000000e+00,0.000000000000000000e+00,0.000000000000000000e+00,0.000000000000000000e+00,8.479895782470703125e+01,2.853717651367187500e+02,9.572130584716796875e+01,2.849555969238281250e+02,9.311451721191406250e+01,3.122013549804687500e+02,1.112591934204101562e+02,3.082110900878906250e+02,9.481509399414062500e+01,3.382662353515625000e+02,1.015641250610351562e+02,3.355494384765625000e+02
6.620000000000000000e+02,0.000000000000000000e+00,0.000000000000000000e+00,0.000000000000000000e+00,0.000000000000000000e+00,0.000000000000000000e+00,0.000000000000000000e+00,0.000000000000000000e+00,0.000000000000000000e+00,9.417767333984375000e+01,2.339071502685546875e+02,8.249470520019531250e+01,2.490003356933593750e+02,9.777309417724609375e+01,2.505538330078125000e+02,0.000000000000000000e+00,0.000000000000000000e+00,1.046273345947265625e+02,2.676018981933593750e+02,0.000000000000000000e+00,0.000000000000000000e+00,0.000000000000000000e+00,0.000000000000000000e+00,8.756865692138671875e+01,2.848494262695312500e+02,9.890621948242187500e+01,2.840791931152343750e+02,9.395953369140625000e+01,3.132209167480468750e+02,1.130994796752929688e+02,3.067310180664062500e+02,9.531618499755859375e+01,3.399959106445312500e+02,1.075846633911132812e+02,3.326407470703125000e+02
6.630000000000000000e+02,0.000000000000000000e+00,0.000000000000000000e+00,0.000000000000000000e+00,0.000000000000000000e+00,0.000000000000000000e+00,0.000000000000000000e+00,0.000000000000000000e+00,0.000000000000000000e+00,9.632335662841796875e+01,2.332041778564453125e+02,8.520877838134765625e+01,2.481952056884765625e+02,9.981370544433593750e+01,2.497223815917968750e+02,0.000000000000000000e+00,0.000000000000000000e+00,1.060307769775390625e+02,2.669399414062500000e+02,0.000000000000000000e+00,0.000000000000000000e+00,0.000000000000000000e+00,0.000000000000000000e+00,8.986965942382812500e+01,2.835325317382812500e+02,1.012955245971679688e+02,2.829513854980468750e+02,9.468963623046875000e+01,3.133256835937500000e+02,1.155094146728515625e+02,3.064848022460937500e+02,9.608628845214843750e+01,3.404396972656250000e+02,1.149521408081054688e+02,3.332225036621093750e+02
6.640000000000000000e+02,0.000000000000000000e+00,0.000000000000000000e+00,0.000000000000000000e+00,0.000000000000000000e+00,0.000000000000000000e+00,0.000000000000000000e+00,0.000000000000000000e+00,0.000000000000000000e+00,9.931803894042968750e+01,2.332767181396484375e+02,8.799829101562500000e+01,2.470147094726562500e+02,1.025930175781250000e+02,2.499779815673828125e+02,0.000000000000000000e+00,0.000000000000000000e+00,1.079029235839843750e+02,2.679696655273437500e+02,0.000000000000000000e+00,0.000000000000000000e+00,0.000000000000000000e+00,0.000000000000000000e+00,9.193145751953125000e+01,2.832371520996093750e+02,1.030124282836914062e+02,2.829833068847656250e+02,9.558808135986328125e+01,3.133372802734375000e+02,1.162183380126953125e+02,3.062560729980468750e+02,9.577663421630859375e+01,3.407517089843750000e+02,1.228303985595703125e+02,3.319777526855468750e+02
6.650000000000000000e+02,0.000000000000000000e+00,0.000000000000000000e+00,0.000000000000000000e+00,0.000000000000000000e+00,0.000000000000000000e+00,0.000000000000000000e+00,0.000000000000000000e+00,0.000000000000000000e+00,1.022544021606445312e+02,2.332522430419921875e+02,9.049205017089843750e+01,2.470064239501953125e+02,1.053088302612304688e+02,2.484371032714843750e+02,0.000000000000000000e+00,0.000000000000000000e+00,1.102043457031250000e+02,2.655767211914062500e+02,0.000000000000000000e+00,0.000000000000000000e+00,0.000000000000000000e+00,0.000000000000000000e+00,9.515716552734375000e+01,2.828699340820312500e+02,1.059233322143554688e+02,2.829326171875000000e+02,9.738325500488281250e+01,3.123344726562500000e+02,1.192162857055664062e+02,3.071778259277343750e+02,9.623567199707031250e+01,3.399349365234375000e+02,1.301958007812500000e+02,3.306390380859375000e+02
6.660000000000000000e+02,0.000000000000000000e+00,0.000000000000000000e+00,0.000000000000000000e+00,0.000000000000000000e+00,0.000000000000000000e+00,0.000000000000000000e+00,0.000000000000000000e+00,0.000000000000000000e+00,1.048008346557617188e+02,2.327636108398437500e+02,9.359751892089843750e+01,2.468099365234375000e+02,1.085999069213867188e+02,2.487610473632812500e+02,0.000000000000000000e+00,0.000000000000000000e+00,1.134017181396484375e+02,2.662831420898437500e+02,0.000000000000000000e+00,0.000000000000000000e+00,0.000000000000000000e+00,0.000000000000000000e+00,9.762358856201171875e+01,2.815787048339843750e+02,1.091172561645507812e+02,2.817905883789062500e+02,9.883506011962890625e+01,3.110045776367187500e+02,1.212008972167968750e+02,3.054460754394531250e+02,9.645622253417968750e+01,3.387708740234375000e+02,1.318743438720703125e+02,3.299835510253906250e+02
6.670000000000000000e+02,0.000000000000000000e+00,0.000000000000000000e+00,0.000000000000000000e+00,0.000000000000000000e+00,0.000000000000000000e+00,0.000000000000000000e+00,0.000000000000000000e+00,0.000000000000000000e+00,1.071844177246093750e+02,2.325513458251953125e+02,9.602328491210937500e+01,2.467374420166015625e+02,1.111290740966796875e+02,2.485325469970703125e+02,0.000000000000000000e+00,0.000000000000000000e+00,1.154994812011718750e+02,2.667252197265625000e+02,0.000000000000000000e+00,0.000000000000000000e+00,0.000000000000000000e+00,0.000000000000000000e+00,1.000666732788085938e+02,2.822734375000000000e+02,1.115578231811523438e+02,2.818688354492187500e+02,1.010475616455078125e+02,3.100038452148437500e+02,1.241606674194335938e+02,3.045420837402343750e+02,9.692821502685546875e+01,3.365234375000000000e+02,1.324728698730468750e+02,3.296809692382812500e+02
6.680000000000000000e+02,0.000000000000000000e+00,0.000000000000000000e+00,0.000000000000000000e+00,0.000000000000000000e+00,0.000000000000000000e+00,0.000000000000000000e+00,0.000000000000000000e+00,0.000000000000000000e+00,1.106611557006835938e+02,2.323784942626953125e+02,9.977471923828125000e+01,2.458000488281250000e+02,1.140847473144531250e+02,2.474905242919921875e+02,0.000000000000000000e+00,0.000000000000000000e+00,1.189039916992187500e+02,2.647756347656250000e+02,0.000000000000000000e+00,0.000000000000000000e+00,0.000000000000000000e+00,0.000000000000000000e+00,1.039453659057617188e+02,2.809623107910156250e+02,1.147429733276367188e+02,2.806734008789062500e+02,1.039318618774414062e+02,3.099056396484375000e+02,1.269986801147460938e+02,3.046324157714843750e+02,9.871601867675781250e+01,3.372737426757812500e+02,1.324613952636718750e+02,3.280377197265625000e+02
6.690000000000000000e+02,0.000000000000000000e+00,0.000000000000000000e+00,0.000000000000000000e+00,0.000000000000000000e+00,0.000000000000000000e+00,0.000000000000000000e+00,0.000000000000000000e+00,0.000000000000000000e+00,1.138303756713867188e+02,2.308784027099609375e+02,1.030719528198242188e+02,2.443529815673828125e+02,1.174968032836914062e+02,2.465804748535156250e+02,0.000000000000000000e+00,0.000000000000000000e+00,1.218503875732421875e+02,2.644411010742187500e+02,0.000000000000000000e+00,0.000000000000000000e+00,0.000000000000000000e+00,0.000000000000000000e+00,1.077042465209960938e+02,2.789089660644531250e+02,1.171794357299804688e+02,2.785753784179687500e+02,1.081796569824218750e+02,3.073531494140625000e+02,1.298586883544921875e+02,3.021240539550781250e+02,1.006923904418945312e+02,3.331696472167968750e+02,1.336312408447265625e+02,3.258015747070312500e+02
6.700000000000000000e+02,0.000000000000000000e+00,0.000000000000000000e+00,0.000000000000000000e+00,0.000000000000000000e+00,0.000000000000000000e+00,0.000000000000000000e+00,0.000000000000000000e+00,0.000000000000000000e+00,1.164402160644531250e+02,2.298200531005859375e+02,1.049621047973632812e+02,2.435317535400390625e+02,1.209496688842773438e+02,2.451508026123046875e+02,0.000000000000000000e+00,0.000000000000000000e+00,1.254076690673828125e+02,2.626416625976562500e+02,0.000000000000000000e+00,0.000000000000000000e+00,0.000000000000000000e+00,0.000000000000000000e+00,1.103562011718750000e+02,2.763727111816406250e+02,1.204643325805664062e+02,2.757654724121093750e+02,1.139834518432617188e+02,3.055432128906250000e+02,1.328283538818359375e+02,3.010100097656250000e+02,1.025223541259765625e+02,3.306986083984375000e+02,1.345154266357421875e+02,3.267005004882812500e+02
6.710000000000000000e+02,0.000000000000000000e+00,0.000000000000000000e+00,0.000000000000000000e+00,0.000000000000000000e+00,0.000000000000000000e+00,0.000000000000000000e+00,0.000000000000000000e+00,0.000000000000000000e+00,1.195844039916992188e+02,2.289216766357421875e+02,1.074758911132812500e+02,2.425634307861328125e+02,1.238676300048828125e+02,2.444532012939453125e+02,0.000000000000000000e+00,0.000000000000000000e+00,1.285573120117187500e+02,2.628820800781250000e+02,0.000000000000000000e+00,0.000000000000000000e+00,0.000000000000000000e+00,0.000000000000000000e+00,1.131052551269531250e+02,2.746661376953125000e+02,1.231074447631835938e+02,2.753066711425781250e+02,1.191172714233398438e+02,3.033883056640625000e+02,1.333986358642578125e+02,3.012812500000000000e+02,1.064090957641601562e+02,3.254184570312500000e+02,1.337359008789062500e+02,3.266337890625000000e+02
6.720000000000000000e+02,0.000000000000000000e+00,0.000000000000000000e+00,0.000000000000000000e+00,0.000000000000000000e+00,0.000000000000000000e+00,0.000000000000000000e+00,0.000000000000000000e+00,0.000000000000000000e+00,1.223949890136718750e+02,2.275797882080078125e+02,1.103907241821289062e+02,2.414906463623046875e+02,1.266995391845703125e+02,2.434129180908203125e+02,0.000000000000000000e+00,0.000000000000000000e+00,1.314714508056640625e+02,2.613910217285156250e+02,0.000000000000000000e+00,0.000000000000000000e+00,0.000000000000000000e+00,0.000000000000000000e+00,1.151853942871093750e+02,2.752688293457031250e+02,1.259393615722656250e+02,2.750485229492187500e+02,1.238491973876953125e+02,3.009847412109375000e+02,1.337977294921875000e+02,2.997622070312500000e+02,1.114545745849609375e+02,3.228820495605468750e+02,1.348277435302734375e+02,3.276710815429687500e+02
6.730000000000000000e+02,0.000000000000000000e+00,0.000000000000000000e+00,0.000000000000000000e+00,0.000000000000000000e+00,0.000000000000000000e+00,0.000000000000000000e+00,0.000000000000000000e+00,0.000000000000000000e+00,1.276944427490234375e+02,2.259021148681640625e+02,1.152201080322265625e+02,2.395925750732421875e+02,1.309971008300781250e+02,2.399737091064453125e+02,0.000000000000000000e+00,0.000000000000000000e+00,1.360547332763671875e+02,2.566984252929687500e+02,0.000000000000000000e+00,0.000000000000000000e+00,0.000000000000000000e+00,0.000000000000000000e+00,1.207064514160156250e+02,2.719543457031250000e+02,1.321682891845703125e+02,2.709249267578125000e+02,1.320428619384765625e+02,2.958808898925781250e+02,1.358873748779296875e+02,2.976509704589843750e+02,1.216142578125000000e+02,3.197281494140625000e+02,1.344734802246093750e+02,3.274441833496093750e+02
6.740000000000000000e+02,0.000000000000000000e+00,0.000000000000000000e+00,0.000000000000000000e+00,0.000000000000000000e+00,0.000000000000000000e+00,0.000000000000000000e+00,0.000000000000000000e+00,0.000000000000000000e+00,1.297392730712890625e+02,2.247705230712890625e+02,1.178846511840820312e+02,2.383444061279296875e+02,1.337289428710937500e+02,2.389155273437500000e+02,0.000000000000000000e+00,0.000000000000000000e+00,1.388105926513671875e+02,2.557520904541015625e+02,0.000000000000000000e+00,0.000000000000000000e+00,1.372529602050781250e+02,2.633045349121093750e+02,1.243637847900390625e+02,2.711293945312500000e+02,1.345604705810546875e+02,2.708480834960937500e+02,1.338557586669921875e+02,2.950874328613281250e+02,1.378240203857421875e+02,2.967189025878906250e+02,1.289714202880859375e+02,3.205492553710937500e+02,1.343304138183593750e+02,3.255032653808593750e+02
6.750000000000000000e+02,0.000000000000000000e+00,0.000000000000000000e+00,0.000000000000000000e+00,0.000000000000000000e+00,0.000000000000000000e+00,0.000000000000000000e+00,0.000000000000000000e+00,0.000000000000000000e+00,1.319600372314453125e+02,2.241847381591796875e+02,1.193232345581054688e+02,2.381173858642578125e+02,1.354808349609375000e+02,2.385614776611328125e+02,0.000000000000000000e+00,0.000000000000000000e+00,1.405599517822265625e+02,2.557794342041015625e+02,0.000000000000000000e+00,0.000000000000000000e+00,0.000000000000000000e+00,0.000000000000000000e+00,1.255910797119140625e+02,2.707910156250000000e+02,1.361525726318359375e+02,2.705649108886718750e+02,0.000000000000000000e+00,0.000000000000000000e+00,1.379249267578125000e+02,2.973097534179687500e+02,0.000000000000000000e+00,0.000000000000000000e+00,1.340105743408203125e+02,3.260628967285156250e+02
6.760000000000000000e+02,0.000000000000000000e+00,0.000000000000000000e+00,0.000000000000000000e+00,0.000000000000000000e+00,0.000000000000000000e+00,0.000000000000000000e+00,0.000000000000000000e+00,0.000000000000000000e+00,1.353583374023437500e+02,2.239544525146484375e+02,1.225690765380859375e+02,2.367193756103515625e+02,1.382412261962890625e+02,2.379313812255859375e+02,0.000000000000000000e+00,0.000000000000000000e+00,1.435538177490234375e+02,2.538983917236328125e+02,0.000000000000000000e+00,0.000000000000000000e+00,0.000000000000000000e+00,0.000000000000000000e+00,1.266370086669921875e+02,2.689918212890625000e+02,1.379919281005859375e+02,2.688090515136718750e+02,0.000000000000000000e+00,0.000000000000000000e+00,1.401772308349609375e+02,2.949193420410156250e+02,0.000000000000000000e+00,0.000000000000000000e+00,1.365425720214843750e+02,3.236416320800781250e+02
6.770000000000000000e+02,0.000000000000000000e+00,0.000000000000000000e+00,0.000000000000000000e+00,0.000000000000000000e+00,0.000000000000000000e+00,0.000000000000000000e+00,0.000000000000000000e+00,0.000000000000000000e+00,1.379685821533203125e+02,2.236534576416015625e+02,1.251919937133789062e+02,2.367047271728515625e+02,1.404863433837890625e+02,2.373997650146484375e+02,0.000000000000000000e+00,0.000000000000000000e+00,1.459759674072265625e+02,2.541288909912109375e+02,0.000000000000000000e+00,0.000000000000000000e+00,0.000000000000000000e+00,0.000000000000000000e+00,1.313201904296875000e+02,2.692495727539062500e+02,1.409563903808593750e+02,2.690295410156250000e+02,1.425690155029296875e+02,2.942146606445312500e+02,1.404918365478515625e+02,2.969677124023437500e+02,1.473842010498046875e+02,3.179423217773437500e+02,1.332940521240234375e+02,3.258304443359375000e+02
6.780000000000000000e+02,0.000000000000000000e+00,0.000000000000000000e+00,0.000000000000000000e+00,0.000000000000000000e+00,0.000000000000000000e+00,0.000000000000000000e+00,0.000000000000000000e+00,0.000000000000000000e+00,1.395761566162109375e+02,2.232129516601562500e+02,1.275900955200195312e+02,2.363284149169921875e+02,1.426389770507812500e+02,2.375148773193359375e+02,0.000000000000000000e+00,0.000000000000000000e+00,1.476290740966796875e+02,2.540733489990234375e+02,0.000000000000000000e+00,0.000000000000000000e+00,0.000000000000000000e+00,0.000000000000000000e+00,1.324167327880859375e+02,2.683771057128906250e+02,1.425708007812500000e+02,2.682292175292968750e+02,1.433721923828125000e+02,2.945079345703125000e+02,1.416847686767578125e+02,2.966480712890625000e+02,1.527954406738281250e+02,3.150628662109375000e+02,1.336256103515625000e+02,3.254919128417968750e+02
6.790000000000000000e+02,0.000000000000000000e+00,0.000000000000000000e+00,0.000000000000000000e+00,0.000000000000000000e+00,0.000000000000000000e+00,0.000000000000000000e+00,0.000000000000000000e+00,0.000000000000000000e+00,1.424999542236328125e+02,2.233048706054687500e+02,1.298248748779296875e+02,2.361226043701171875e+02,1.453916473388671875e+02,2.376662445068359375e+02,1.276832962036132812e+02,2.529016113281250000e+02,1.506836700439453125e+02,2.544176635742187500e+02,0.000000000000000000e+00,0.000000000000000000e+00,0.000000000000000000e+00,0.000000000000000000e+00,1.336876525878906250e+02,2.676891174316406250e+02,1.443940124511718750e+02,2.677927856445312500e+02,1.455277404785156250e+02,2.933200988769531250e+02,1.442144012451171875e+02,2.941113586425781250e+02,1.559101409912109375e+02,3.134309692382812500e+02,1.375125274658203125e+02,3.210630187988281250e+02
6.800000000000000000e+02,0.000000000000000000e+00,0.000000000000000000e+00,0.000000000000000000e+00,0.000000000000000000e+00,0.000000000000000000e+00,0.000000000000000000e+00,0.000000000000000000e+00,0.000000000000000000e+00,1.441997070312500000e+02,2.232637634277343750e+02,1.321759033203125000e+02,2.357688751220703125e+02,1.471867980957031250e+02,2.372377166748046875e+02,0.000000000000000000e+00,0.000000000000000000e+00,1.530026550292968750e+02,2.535000152587890625e+02,0.000000000000000000e+00,0.000000000000000000e+00,0.000000000000000000e+00,0.000000000000000000e+00,1.361822052001953125e+02,2.658245544433593750e+02,1.466176300048828125e+02,2.664498901367187500e+02,1.486125946044921875e+02,2.897698059082031250e+02,1.477523040771484375e+02,2.901931152343750000e+02,1.572933654785156250e+02,3.126816406250000000e+02,1.419539794921875000e+02,3.120899353027343750e+02
6.810000000000000000e+02,0.000000000000000000e+00,0.000000000000000000e+00,0.000000000000000000e+00,0.000000000000000000e+00,0.000000000000000000e+00,0.000000000000000000e+00,0.000000000000000000e+00,0.000000000000000000e+00,1.461163635253906250e+02,2.221205291748046875e+02,1.336731109619140625e+02,2.357075195312500000e+02,1.496299438476562500e+02,2.360507049560546875e+02,0.000000000000000000e+00,0.000000000000000000e+00,1.553001098632812500e+02,2.523062438964843750e+02,0.000000000000000000e+00,0.000000000000000000e+00,0.000000000000000000e+00,0.000000000000000000e+00,1.371407623291015625e+02,2.671624145507812500e+02,1.494938507080078125e+02,2.670427551269531250e+02,0.000000000000000000e+00,0.000000000000000000e+00,1.514273376464843750e+02,2.903208312988281250e+02,0.000000000000000000e+00,0.000000000000000000e+00,1.572826385498046875e+02,3.130799255371093750e+02
6.820000000000000000e+02,0.000000000000000000e+00,0.000000000000000000e+00,0.000000000000000000e+00,0.000000000000000000e+00,0.000000000000000000e+00,0.000000000000000000e+00,0.000000000000000000e+00,0.000000000000000000e+00,1.483194274902343750e+02,2.210792083740234375e+02,1.356108093261718750e+02,2.353035125732421875e+02,1.519709320068359375e+02,2.352693481445312500e+02,1.325578460693359375e+02,2.528098297119140625e+02,1.575869598388671875e+02,2.514638519287109375e+02,0.000000000000000000e+00,0.000000000000000000e+00,0.000000000000000000e+00,0.000000000000000000e+00,1.374277801513671875e+02,2.662266235351562500e+02,1.507446136474609375e+02,2.662273254394531250e+02,0.000000000000000000e+00,0.000000000000000000e+00,1.541383209228515625e+02,2.886271972656250000e+02,0.000000000000000000e+00,0.000000000000000000e+00,1.582257232666015625e+02,3.117386474609375000e+02
6.830000000000000000e+02,0.000000000000000000e+00,0.000000000000000000e+00,0.000000000000000000e+00,0.000000000000000000e+00,0.000000000000000000e+00,0.000000000000000000e+00,0.000000000000000000e+00,0.000000000000000000e+00,1.500017547607421875e+02,2.202178802490234375e+02,1.381030731201171875e+02,2.334558563232421875e+02,1.539321746826171875e+02,2.339452514648437500e+02,0.000000000000000000e+00,0.000000000000000000e+00,1.595142974853515625e+02,2.504215393066406250e+02,0.000000000000000000e+00,0.000000000000000000e+00,0.000000000000000000e+00,0.000000000000000000e+00,1.386141662597656250e+02,2.649458312988281250e+02,1.514696807861328125e+02,2.652581176757812500e+02,0.000000000000000000e+00,0.000000000000000000e+00,1.546487121582031250e+02,2.875535278320312500e+02,0.000000000000000000e+00,0.000000000000000000e+00,0.000000000000000000e+00,0.000000000000000000e+00
6.840000000000000000e+02,0.000000000000000000e+00,0.000000000000000000e+00,0.000000000000000000e+00,0.000000000000000000e+00,0.000000000000000000e+00,0.000000000000000000e+00,0.000000000000000000e+00,0.000000000000000000e+00,1.523327636718750000e+02,2.189224243164062500e+02,1.402588500976562500e+02,2.328059387207031250e+02,1.567554931640625000e+02,2.330880126953125000e+02,1.378547668457031250e+02,2.498883056640625000e+02,1.617465972900390625e+02,2.493585815429687500e+02,0.000000000000000000e+00,0.000000000000000000e+00,0.000000000000000000e+00,0.000000000000000000e+00,1.414317779541015625e+02,2.637431030273437500e+02,1.539348907470703125e+02,2.641864318847656250e+02,0.000000000000000000e+00,0.000000000000000000e+00,1.569901275634765625e+02,2.844278564453125000e+02,0.000000000000000000e+00,0.000000000000000000e+00,0.000000000000000000e+00,0.000000000000000000e+00
6.850000000000000000e+02,0.000000000000000000e+00,0.000000000000000000e+00,0.000000000000000000e+00,0.000000000000000000e+00,0.000000000000000000e+00,0.000000000000000000e+00,0.000000000000000000e+00,0.000000000000000000e+00,1.540444183349609375e+02,2.178919677734375000e+02,1.429291229248046875e+02,2.315205535888671875e+02,1.581228485107421875e+02,2.318601837158203125e+02,0.000000000000000000e+00,0.000000000000000000e+00,1.635079193115234375e+02,2.476908721923828125e+02,0.000000000000000000e+00,0.000000000000000000e+00,0.000000000000000000e+00,0.000000000000000000e+00,1.438549499511718750e+02,2.624422607421875000e+02,1.563779296875000000e+02,2.631860961914062500e+02,0.000000000000000000e+00,0.000000000000000000e+00,1.597810516357421875e+02,2.864530944824218750e+02,1.427765655517578125e+02,2.898292236328125000e+02,0.000000000000000000e+00,0.000000000000000000e+00
6.860000000000000000e+02,0.000000000000000000e+00,0.000000000000000000e+00,0.000000000000000000e+00,0.000000000000000000e+00,0.000000000000000000e+00,0.000000000000000000e+00,0.000000000000000000e+00,0.000000000000000000e+00,0.000000000000000000e+00,0.000000000000000000e+00,0.000000000000000000e+00,0.000000000000000000e+00,0.000000000000000000e+00,0.000000000000000000e+00,0.000000000000000000e+00,0.000000000000000000e+00,0.000000000000000000e+00,0.000000000000000000e+00,0.000000000000000000e+00,0.000000000000000000e+00,0.000000000000000000e+00,0.000000000000000000e+00,0.000000000000000000e+00,0.000000000000000000e+00,0.000000000000000000e+00,0.000000000000000000e+00,0.000000000000000000e+00,0.000000000000000000e+00,0.000000000000000000e+00,0.000000000000000000e+00,0.000000000000000000e+00,0.000000000000000000e+00,0.000000000000000000e+00,0.000000000000000000e+00
6.870000000000000000e+02,0.000000000000000000e+00,0.000000000000000000e+00,0.000000000000000000e+00,0.000000000000000000e+00,0.000000000000000000e+00,0.000000000000000000e+00,0.000000000000000000e+00,0.000000000000000000e+00,0.000000000000000000e+00,0.000000000000000000e+00,0.000000000000000000e+00,0.000000000000000000e+00,0.000000000000000000e+00,0.000000000000000000e+00,0.000000000000000000e+00,0.000000000000000000e+00,0.000000000000000000e+00,0.000000000000000000e+00,0.000000000000000000e+00,0.000000000000000000e+00,0.000000000000000000e+00,0.000000000000000000e+00,0.000000000000000000e+00,0.000000000000000000e+00,0.000000000000000000e+00,0.000000000000000000e+00,0.000000000000000000e+00,0.000000000000000000e+00,0.000000000000000000e+00,0.000000000000000000e+00,0.000000000000000000e+00,0.000000000000000000e+00,0.000000000000000000e+00,0.000000000000000000e+00
6.880000000000000000e+02,0.000000000000000000e+00,0.000000000000000000e+00,0.000000000000000000e+00,0.000000000000000000e+00,0.000000000000000000e+00,0.000000000000000000e+00,0.000000000000000000e+00,0.000000000000000000e+00,1.610408477783203125e+02,2.153141784667968750e+02,1.493611755371093750e+02,2.277682037353515625e+02,1.640415191650390625e+02,2.290480194091796875e+02,0.000000000000000000e+00,0.000000000000000000e+00,1.689733734130859375e+02,2.460215606689453125e+02,0.000000000000000000e+00,0.000000000000000000e+00,0.000000000000000000e+00,0.000000000000000000e+00,1.503507537841796875e+02,2.577858276367187500e+02,1.617717895507812500e+02,2.581932067871093750e+02,1.450561065673828125e+02,2.856526794433593750e+02,1.716609344482421875e+02,2.865395202636718750e+02,1.406219635009765625e+02,3.122575378417968750e+02,0.000000000000000000e+00,0.000000000000000000e+00
6.890000000000000000e+02,0.000000000000000000e+00,0.000000000000000000e+00,0.000000000000000000e+00,0.000000000000000000e+00,0.000000000000000000e+00,0.000000000000000000e+00,0.000000000000000000e+00,0.000000000000000000e+00,1.639633941650390625e+02,2.152341156005859375e+02,1.513584747314453125e+02,2.282288360595703125e+02,1.668275604248046875e+02,2.293429107666015625e+02,0.000000000000000000e+00,0.000000000000000000e+00,1.707333221435546875e+02,2.466503601074218750e+02,0.000000000000000000e+00,0.000000000000000000e+00,0.000000000000000000e+00,0.000000000000000000e+00,1.524866638183593750e+02,2.642172241210937500e+02,1.636815338134765625e+02,2.639885864257812500e+02,1.483643951416015625e+02,2.920286865234375000e+02,0.000000000000000000e+00,0.000000000000000000e+00,1.454527435302734375e+02,3.202633972167968750e+02,0.000000000000000000e+00,0.000000000000000000e+00
6.900000000000000000e+02,0.000000000000000000e+00,0.000000000000000000e+00,0.000000000000000000e+00,0.000000000000000000e+00,0.000000000000000000e+00,0.000000000000000000e+00,0.000000000000000000e+00,0.000000000000000000e+00,1.659990539550781250e+02,2.148522949218750000e+02,1.542684326171875000e+02,2.275397338867187500e+02,1.687175445556640625e+02,2.290665435791015625e+02,0.000000000000000000e+00,0.000000000000000000e+00,1.715651550292968750e+02,2.463424072265625000e+02,0.000000000000000000e+00,0.000000000000000000e+00,0.000000000000000000e+00,0.000000000000000000e+00,1.553084411621093750e+02,2.619596557617187500e+02,1.661879272460937500e+02,2.620072326660156250e+02,1.550006561279296875e+02,2.901776123046875000e+02,0.000000000000000000e+00,0.000000000000000000e+00,1.569351196289062500e+02,3.175694885253906250e+02,0.000000000000000000e+00,0.000000000000000000e+00
6.910000000000000000e+02,0.000000000000000000e+00,0.000000000000000000e+00,0.000000000000000000e+00,0.000000000000000000e+00,0.000000000000000000e+00,0.000000000000000000e+00,0.000000000000000000e+00,0.000000000000000000e+00,1.691886138916015625e+02,2.147058563232421875e+02,1.569783020019531250e+02,2.262431945800781250e+02,1.715182495117187500e+02,2.286551208496093750e+02,0.000000000000000000e+00,0.000000000000000000e+00,1.740017547607421875e+02,2.459642028808593750e+02,0.000000000000000000e+00,0.000000000000000000e+00,0.000000000000000000e+00,0.000000000000000000e+00,1.579758758544921875e+02,2.553181915283203125e+02,1.688295593261718750e+02,2.565488281250000000e+02,1.588084716796875000e+02,2.832935485839843750e+02,0.000000000000000000e+00,0.000000000000000000e+00,1.603347320556640625e+02,3.116216430664062500e+02,0.000000000000000000e+00,0.000000000000000000e+00
6.920000000000000000e+02,0.000000000000000000e+00,0.000000000000000000e+00,0.000000000000000000e+00,0.000000000000000000e+00,0.000000000000000000e+00,0.000000000000000000e+00,0.000000000000000000e+00,0.000000000000000000e+00,1.718900146484375000e+02,2.144929046630859375e+02,1.597736663818359375e+02,2.256451110839843750e+02,1.737385406494140625e+02,2.281384582519531250e+02,0.000000000000000000e+00,0.000000000000000000e+00,1.756046600341796875e+02,2.438060760498046875e+02,0.000000000000000000e+00,0.000000000000000000e+00,0.000000000000000000e+00,0.000000000000000000e+00,1.612637329101562500e+02,2.540802459716796875e+02,1.706841583251953125e+02,2.552534484863281250e+02,1.626085968017578125e+02,2.797045898437500000e+02,0.000000000000000000e+00,0.000000000000000000e+00,1.629519195556640625e+02,3.089341430664062500e+02,0.000000000000000000e+00,0.000000000000000000e+00
6.930000000000000000e+02,0.000000000000000000e+00,0.000000000000000000e+00,0.000000000000000000e+00,0.000000000000000000e+00,0.000000000000000000e+00,0.000000000000000000e+00,0.000000000000000000e+00,0.000000000000000000e+00,1.745396423339843750e+02,2.147846984863281250e+02,1.624187774658203125e+02,2.260063476562500000e+02,1.765864410400390625e+02,2.287498626708984375e+02,0.000000000000000000e+00,0.000000000000000000e+00,1.784601440429687500e+02,2.454145812988281250e+02,0.000000000000000000e+00,0.000000000000000000e+00,0.000000000000000000e+00,0.000000000000000000e+00,1.643430786132812500e+02,2.565324707031250000e+02,1.737317810058593750e+02,2.584929199218750000e+02,1.643670501708984375e+02,2.828367309570312500e+02,1.736810760498046875e+02,2.834123535156250000e+02,1.604538726806640625e+02,3.078468017578125000e+02,1.653905944824218750e+02,3.094923095703125000e+02
6.940000000000000000e+02,0.000000000000000000e+00,0.000000000000000000e+00,0.000000000000000000e+00,0.000000000000000000e+00,0.000000000000000000e+00,0.000000000000000000e+00,0.000000000000000000e+00,0.000000000000000000e+00,1.779883422851562500e+02,2.146671600341796875e+02,1.652538452148437500e+02,2.260334320068359375e+02,1.793377532958984375e+02,2.288492279052734375e+02,0.000000000000000000e+00,0.000000000000000000e+00,1.807377319335937500e+02,2.451360015869140625e+02,0.000000000000000000e+00,0.000000000000000000e+00,0.000000000000000000e+00,0.000000000000000000e+00,1.673041839599609375e+02,2.573583068847656250e+02,1.768137817382812500e+02,2.581933288574218750e+02,1.653135223388671875e+02,2.839528503417968750e+02,0.000000000000000000e+00,0.000000000000000000e+00,1.609259185791015625e+02,3.086071166992187500e+02,0.000000000000000000e+00,0.000000000000000000e+00
6.950000000000000000e+02,0.000000000000000000e+00,0.000000000000000000e+00,0.000000000000000000e+00,0.000000000000000000e+00,0.000000000000000000e+00,0.000000000000000000e+00,0.000000000000000000e+00,0.000000000000000000e+00,1.806217193603515625e+02,2.136975402832031250e+02,1.683701934814453125e+02,2.249189147949218750e+02,1.823768920898437500e+02,2.281546020507812500e+02,0.000000000000000000e+00,0.000000000000000000e+00,1.845878753662109375e+02,2.444006805419921875e+02,0.000000000000000000e+00,0.000000000000000000e+00,0.000000000000000000e+00,0.000000000000000000e+00,1.702371673583984375e+02,2.574871826171875000e+02,1.801501464843750000e+02,2.584485778808593750e+02,1.682367095947265625e+02,2.843945312500000000e+02,1.849569549560546875e+02,2.841918945312500000e+02,1.618372802734375000e+02,3.078710327148437500e+02,0.000000000000000000e+00,0.000000000000000000e+00
6.960000000000000000e+02,0.000000000000000000e+00,0.000000000000000000e+00,0.000000000000000000e+00,0.000000000000000000e+00,0.000000000000000000e+00,0.000000000000000000e+00,0.000000000000000000e+00,0.000000000000000000e+00,1.838320617675781250e+02,2.130762481689453125e+02,1.713180541992187500e+02,2.246726074218750000e+02,1.852257232666015625e+02,2.274064178466796875e+02,0.000000000000000000e+00,0.000000000000000000e+00,1.880935058593750000e+02,2.431842193603515625e+02,0.000000000000000000e+00,0.000000000000000000e+00,0.000000000000000000e+00,0.000000000000000000e+00,1.729282226562500000e+02,2.559701690673828125e+02,1.832486114501953125e+02,2.568126831054687500e+02,1.726065979003906250e+02,2.823518066406250000e+02,0.000000000000000000e+00,0.000000000000000000e+00,1.639548034667968750e+02,3.050027160644531250e+02,0.000000000000000000e+00,0.000000000000000000e+00
6.970000000000000000e+02,0.000000000000000000e+00,0.000000000000000000e+00,0.000000000000000000e+00,0.000000000000000000e+00,0.000000000000000000e+00,0.000000000000000000e+00,0.000000000000000000e+00,0.000000000000000000e+00,1.883375396728515625e+02,2.099541320800781250e+02,1.765969085693359375e+02,2.228479156494140625e+02,1.903878479003906250e+02,2.258002777099609375e+02,0.000000000000000000e+00,0.000000000000000000e+00,1.936444549560546875e+02,2.436204528808593750e+02,0.000000000000000000e+00,0.000000000000000000e+00,0.000000000000000000e+00,0.000000000000000000e+00,1.807060089111328125e+02,2.575872497558593750e+02,1.904323272705078125e+02,2.593587036132812500e+02,1.826351318359375000e+02,2.808485412597656250e+02,1.867345581054687500e+02,2.814701538085937500e+02,1.700474395751953125e+02,2.995924377441406250e+02,1.703811645507812500e+02,2.992233276367187500e+02
6.980000000000000000e+02,0.000000000000000000e+00,0.000000000000000000e+00,0.000000000000000000e+00,0.000000000000000000e+00,0.000000000000000000e+00,0.000000000000000000e+00,0.000000000000000000e+00,0.000000000000000000e+00,1.918334808349609375e+02,2.089268493652343750e+02,1.794325561523437500e+02,2.219167633056640625e+02,1.939420013427734375e+02,2.249149322509765625e+02,0.000000000000000000e+00,0.000000000000000000e+00,1.976857910156250000e+02,2.417770690917968750e+02,0.000000000000000000e+00,0.000000000000000000e+00,0.000000000000000000e+00,0.000000000000000000e+00,1.836650695800781250e+02,2.550977935791015625e+02,1.932058868408203125e+02,2.561533813476562500e+02,1.885628356933593750e+02,2.779290161132812500e+02,1.914271697998046875e+02,2.779650573730468750e+02,1.761629333496093750e+02,2.970634460449218750e+02,1.757453460693359375e+02,2.969832763671875000e+02
6.990000000000000000e+02,0.000000000000000000e+00,0.000000000000000000e+00,0.000000000000000000e+00,0.000000000000000000e+00,0.000000000000000000e+00,0.000000000000000000e+00,0.000000000000000000e+00,0.000000000000000000e+00,1.936402130126953125e+02,2.082714996337890625e+02,1.813580780029296875e+02,2.204633941650390625e+02,1.960935516357421875e+02,2.227563629150390625e+02,0.000000000000000000e+00,0.000000000000000000e+00,2.005477142333984375e+02,2.387028808593750000e+02,0.000000000000000000e+00,0.000000000000000000e+00,0.000000000000000000e+00,0.000000000000000000e+00,1.850090332031250000e+02,2.532470703125000000e+02,1.949273529052734375e+02,2.543539886474609375e+02,1.921329803466796875e+02,2.758460388183593750e+02,1.981707000732421875e+02,2.769098205566406250e+02,1.805969543457031250e+02,2.950909729003906250e+02,2.010151824951171875e+02,3.025142211914062500e+02
7.000000000000000000e+02,0.000000000000000000e+00,0.000000000000000000e+00,0.000000000000000000e+00,0.000000000000000000e+00,0.000000000000000000e+00,0.000000000000000000e+00,0.000000000000000000e+00,0.000000000000000000e+00,1.960535278320312500e+02,2.080321197509765625e+02,1.835663909912109375e+02,2.193326568603515625e+02,1.989129333496093750e+02,2.214885559082031250e+02,0.000000000000000000e+00,0.000000000000000000e+00,2.034752960205078125e+02,2.368424682617187500e+02,0.000000000000000000e+00,0.000000000000000000e+00,0.000000000000000000e+00,0.000000000000000000e+00,1.907548675537109375e+02,2.532406463623046875e+02,2.003701477050781250e+02,2.533624725341796875e+02,1.959893188476562500e+02,2.752439575195312500e+02,2.016273956298828125e+02,2.761766357421875000e+02,1.859659423828125000e+02,2.944049682617187500e+02,2.013225555419921875e+02,3.023236389160156250e+02
7.010000000000000000e+02,0.000000000000000000e+00,0.000000000000000000e+00,0.000000000000000000e+00,0.000000000000000000e+00,0.000000000000000000e+00,0.000000000000000000e+00,0.000000000000000000e+00,0.000000000000000000e+00,1.981555480957031250e+02,2.080624084472656250e+02,1.847780303955078125e+02,2.195477600097656250e+02,2.009968414306640625e+02,2.203451080322265625e+02,0.000000000000000000e+00,0.000000000000000000e+00,2.058171234130859375e+02,2.350065765380859375e+02,0.000000000000000000e+00,0.000000000000000000e+00,0.000000000000000000e+00,0.000000000000000000e+00,1.903678588867187500e+02,2.501132659912109375e+02,2.008240203857421875e+02,2.502345428466796875e+02,1.976347656250000000e+02,2.724635925292968750e+02,2.028906707763671875e+02,2.734298095703125000e+02,1.930402374267578125e+02,2.957323303222656250e+02,2.006070709228515625e+02,3.004022216796875000e+02
7.020000000000000000e+02,0.000000000000000000e+00,0.000000000000000000e+00,0.000000000000000000e+00,0.000000000000000000e+00,0.000000000000000000e+00,0.000000000000000000e+00,0.000000000000000000e+00,0.000000000000000000e+00,2.010456085205078125e+02,2.069892120361328125e+02,1.881660766601562500e+02,2.190428771972656250e+02,2.040167846679687500e+02,2.205734558105468750e+02,0.000000000000000000e+00,0.000000000000000000e+00,0.000000000000000000e+00,0.000000000000000000e+00,0.000000000000000000e+00,0.000000000000000000e+00,0.000000000000000000e+00,0.000000000000000000e+00,1.918047943115234375e+02,2.510729217529296875e+02,2.021663970947265625e+02,2.517730865478515625e+02,0.000000000000000000e+00,0.000000000000000000e+00,2.042004241943359375e+02,2.735800781250000000e+02,0.000000000000000000e+00,0.000000000000000000e+00,1.989761810302734375e+02,3.008086853027343750e+02
7.030000000000000000e+02,0.000000000000000000e+00,0.000000000000000000e+00,0.000000000000000000e+00,0.000000000000000000e+00,0.000000000000000000e+00,0.000000000000000000e+00,0.000000000000000000e+00,0.000000000000000000e+00,2.020041809082031250e+02,2.066470794677734375e+02,1.903809967041015625e+02,2.180576782226562500e+02,2.042247161865234375e+02,2.197292633056640625e+02,0.000000000000000000e+00,0.000000000000000000e+00,0.000000000000000000e+00,0.000000000000000000e+00,0.000000000000000000e+00,0.000000000000000000e+00,0.000000000000000000e+00,0.000000000000000000e+00,1.938000030517578125e+02,2.499648284912109375e+02,2.032158813476562500e+02,2.505428466796875000e+02,0.000000000000000000e+00,0.000000000000000000e+00,2.050207214355468750e+02,2.728009948730468750e+02,0.000000000000000000e+00,0.000000000000000000e+00,1.991135406494140625e+02,2.980874633789062500e+02
7.040000000000000000e+02,0.000000000000000000e+00,0.000000000000000000e+00,0.000000000000000000e+00,0.000000000000000000e+00,0.000000000000000000e+00,0.000000000000000000e+00,0.000000000000000000e+00,0.000000000000000000e+00,2.054205169677734375e+02,2.070293121337890625e+02,1.928322601318359375e+02,2.177447967529296875e+02,2.069663085937500000e+02,2.196070861816406250e+02,0.000000000000000000e+00,0.000000000000000000e+00,0.000000000000000000e+00,0.000000000000000000e+00,0.000000000000000000e+00,0.000000000000000000e+00,0.000000000000000000e+00,0.000000000000000000e+00,1.966489105224609375e+02,2.498769989013671875e+02,2.059586791992187500e+02,2.504556121826171875e+02,2.069582519531250000e+02,2.733965454101562500e+02,2.071876220703125000e+02,2.753966064453125000e+02,2.118817291259765625e+02,2.944214477539062500e+02,1.985164947509765625e+02,2.998059997558593750e+02
7.050000000000000000e+02,0.000000000000000000e+00,0.000000000000000000e+00,0.000000000000000000e+00,0.000000000000000000e+00,0.000000000000000000e+00,0.000000000000000000e+00,0.000000000000000000e+00,0.000000000000000000e+00,2.074939727783203125e+02,2.073537445068359375e+02,1.943503265380859375e+02,2.186888580322265625e+02,2.105564117431640625e+02,2.200835876464843750e+02,0.000000000000000000e+00,0.000000000000000000e+00,0.000000000000000000e+00,0.000000000000000000e+00,0.000000000000000000e+00,0.000000000000000000e+00,0.000000000000000000e+00,0.000000000000000000e+00,1.986654968261718750e+02,2.491190032958984375e+02,2.087580413818359375e+02,2.497887268066406250e+02,2.089038238525390625e+02,2.724866333007812500e+02,2.076889953613281250e+02,2.741983947753906250e+02,2.168846282958984375e+02,2.912380371093750000e+02,1.985849761962890625e+02,2.984618530273437500e+02
7.060000000000000000e+02,0.000000000000000000e+00,0.000000000000000000e+00,0.000000000000000000e+00,0.000000000000000000e+00,0.000000000000000000e+00,0.000000000000000000e+00,0.000000000000000000e+00,0.000000000000000000e+00,0.000000000000000000e+00,0.000000000000000000e+00,1.972249450683593750e+02,2.177351226806640625e+02,2.123455810546875000e+02,2.187637176513671875e+02,0.000000000000000000e+00,0.000000000000000000e+00,0.000000000000000000e+00,0.000000000000000000e+00,0.000000000000000000e+00,0.000000000000000000e+00,0.000000000000000000e+00,0.000000000000000000e+00,2.034300231933593750e+02,2.481348724365234375e+02,2.118932952880859375e+02,2.478953552246093750e+02,2.094039764404296875e+02,2.725640563964843750e+02,2.106794738769531250e+02,2.724511718750000000e+02,2.206101074218750000e+02,2.900679321289062500e+02,1.998525848388671875e+02,2.984778747558593750e+02
7.070000000000000000e+02,0.000000000000000000e+00,0.000000000000000000e+00,0.000000000000000000e+00,0.000000000000000000e+00,0.000000000000000000e+00,0.000000000000000000e+00,0.000000000000000000e+00,0.000000000000000000e+00,2.110970764160156250e+02,2.075873260498046875e+02,1.995745086669921875e+02,2.173248596191406250e+02,2.136404571533203125e+02,2.186551971435546875e+02,0.000000000000000000e+00,0.000000000000000000e+00,0.000000000000000000e+00,0.000000000000000000e+00,0.000000000000000000e+00,0.000000000000000000e+00,0.000000000000000000e+00,0.000000000000000000e+00,2.043208618164062500e+02,2.476935729980468750e+02,2.124408569335937500e+02,2.479820098876953125e+02,2.138459930419921875e+02,2.692264404296875000e+02,2.107779541015625000e+02,2.730956115722656250e+02,2.215473785400390625e+02,2.898941040039062500e+02,1.997723693847656250e+02,3.016045837402343750e+02
7.080000000000000000e+02,0.000000000000000000e+00,0.000000000000000000e+00,0.000000000000000000e+00,0.000000000000000000e+00,0.000000000000000000e+00,0.000000000000000000e+00,0.000000000000000000e+00,0.000000000000000000e+00,2.129876708984375000e+02,2.068625946044921875e+02,2.022266998291015625e+02,2.173577423095703125e+02,2.161319427490234375e+02,2.192837066650390625e+02,0.000000000000000000e+00,0.000000000000000000e+00,0.000000000000000000e+00,0.000000000000000000e+00,0.000000000000000000e+00,0.000000000000000000e+00,0.000000000000000000e+00,0.000000000000000000e+00,2.070556335449218750e+02,2.482668762207031250e+02,2.153683013916015625e+02,2.491616668701171875e+02,2.190404052734375000e+02,2.690218200683593750e+02,2.123717346191406250e+02,2.737828369140625000e+02,2.225079803466796875e+02,2.896066284179687500e+02,2.016290435791015625e+02,2.961411743164062500e+02
7.090000000000000000e+02,0.000000000000000000e+00,0.000000000000000000e+00,0.000000000000000000e+00,0.000000000000000000e+00,0.000000000000000000e+00,0.000000000000000000e+00,0.000000000000000000e+00,0.000000000000000000e+00,0.000000000000000000e+00,0.000000000000000000e+00,2.046602935791015625e+02,2.151394805908203125e+02,2.188258819580078125e+02,2.168646392822265625e+02,0.000000000000000000e+00,0.000000000000000000e+00,0.000000000000000000e+00,0.000000000000000000e+00,0.000000000000000000e+00,0.000000000000000000e+00,0.000000000000000000e+00,0.000000000000000000e+00,2.131381072998046875e+02,2.478095245361328125e+02,2.197504425048828125e+02,2.489197998046875000e+02,2.218020477294921875e+02,2.703493347167968750e+02,2.154564971923828125e+02,2.734950866699218750e+02,2.245798187255859375e+02,2.908907165527343750e+02,2.029380187988281250e+02,2.972467041015625000e+02
7.100000000000000000e+02,0.000000000000000000e+00,0.000000000000000000e+00,0.000000000000000000e+00,0.000000000000000000e+00,0.000000000000000000e+00,0.000000000000000000e+00,0.000000000000000000e+00,0.000000000000000000e+00,0.000000000000000000e+00,0.000000000000000000e+00,2.054707794189453125e+02,2.147778472900390625e+02,2.213500823974609375e+02,2.162031097412109375e+02,0.000000000000000000e+00,0.000000000000000000e+00,0.000000000000000000e+00,0.000000000000000000e+00,0.000000000000000000e+00,0.000000000000000000e+00,0.000000000000000000e+00,0.000000000000000000e+00,2.092307434082031250e+02,2.451471862792968750e+02,2.197575683593750000e+02,2.465462188720703125e+02,2.247330780029296875e+02,2.684860229492187500e+02,2.206252593994140625e+02,2.714155883789062500e+02,2.229711151123046875e+02,2.886675109863281250e+02,2.064493103027343750e+02,2.927423095703125000e+02
7.110000000000000000e+02,0.000000000000000000e+00,0.000000000000000000e+00,0.000000000000000000e+00,0.000000000000000000e+00,0.000000000000000000e+00,0.000000000000000000e+00,0.000000000000000000e+00,0.000000000000000000e+00,0.000000000000000000e+00,0.000000000000000000e+00,2.081102600097656250e+02,2.137339935302734375e+02,2.225603179931640625e+02,2.140811004638671875e+02,0.000000000000000000e+00,0.000000000000000000e+00,0.000000000000000000e+00,0.000000000000000000e+00,0.000000000000000000e+00,0.000000000000000000e+00,0.000000000000000000e+00,0.000000000000000000e+00,2.128514251708984375e+02,2.456977691650390625e+02,2.217944793701171875e+02,2.463470611572265625e+02,2.221752471923828125e+02,2.695602722167968750e+02,2.230820159912109375e+02,2.702389831542968750e+02,2.254317321777343750e+02,2.894902954101562500e+02,2.101255035400390625e+02,2.894484863281250000e+02
7.120000000000000000e+02,0.000000000000000000e+00,0.000000000000000000e+00,0.000000000000000000e+00,0.000000000000000000e+00,0.000000000000000000e+00,0.000000000000000000e+00,0.000000000000000000e+00,0.000000000000000000e+00,0.000000000000000000e+00,0.000000000000000000e+00,2.097960357666015625e+02,2.117558441162109375e+02,2.242560272216796875e+02,2.129711608886718750e+02,0.000000000000000000e+00,0.000000000000000000e+00,0.000000000000000000e+00,0.000000000000000000e+00,0.000000000000000000e+00,0.000000000000000000e+00,0.000000000000000000e+00,0.000000000000000000e+00,2.142297363281250000e+02,2.430890502929687500e+02,2.237209014892578125e+02,2.432507324218750000e+02,2.211843872070312500e+02,2.672696533203125000e+02,2.271497802734375000e+02,2.684030761718750000e+02,2.252030181884765625e+02,2.899763183593750000e+02,2.143541870117187500e+02,2.870780944824218750e+02
7.130000000000000000e+02,0.000000000000000000e+00,0.000000000000000000e+00,0.000000000000000000e+00,0.000000000000000000e+00,0.000000000000000000e+00,0.000000000000000000e+00,0.000000000000000000e+00,0.000000000000000000e+00,2.229045562744140625e+02,2.008026123046875000e+02,2.112876434326171875e+02,2.118421478271484375e+02,2.264375000000000000e+02,2.125230407714843750e+02,0.000000000000000000e+00,0.000000000000000000e+00,0.000000000000000000e+00,0.000000000000000000e+00,0.000000000000000000e+00,0.000000000000000000e+00,0.000000000000000000e+00,0.000000000000000000e+00,2.167050323486328125e+02,2.405162506103515625e+02,2.269065399169921875e+02,2.403667449951171875e+02,2.217186279296875000e+02,2.655436706542968750e+02,2.316647644042968750e+02,2.651555175781250000e+02,2.235833129882812500e+02,2.888168334960937500e+02,2.202934875488281250e+02,2.836237792968750000e+02
7.140000000000000000e+02,0.000000000000000000e+00,0.000000000000000000e+00,0.000000000000000000e+00,0.000000000000000000e+00,0.000000000000000000e+00,0.000000000000000000e+00,0.000000000000000000e+00,0.000000000000000000e+00,2.250163726806640625e+02,2.007650909423828125e+02,2.134330596923828125e+02,2.116997833251953125e+02,2.276628265380859375e+02,2.128992767333984375e+02,0.000000000000000000e+00,0.000000000000000000e+00,0.000000000000000000e+00,0.000000000000000000e+00,0.000000000000000000e+00,0.000000000000000000e+00,0.000000000000000000e+00,0.000000000000000000e+00,2.167796630859375000e+02,2.408641204833984375e+02,2.277117309570312500e+02,2.412182769775390625e+02,2.223421325683593750e+02,2.628746948242187500e+02,2.349275207519531250e+02,2.635337829589843750e+02,2.224292144775390625e+02,2.845969848632812500e+02,2.232910461425781250e+02,2.839343566894531250e+02
7.150000000000000000e+02,0.000000000000000000e+00,0.000000000000000000e+00,0.000000000000000000e+00,0.000000000000000000e+00,0.000000000000000000e+00,0.000000000000000000e+00,0.000000000000000000e+00,0.000000000000000000e+00,2.275919647216796875e+02,2.007077026367187500e+02,2.158485870361328125e+02,2.105731201171875000e+02,2.292505798339843750e+02,2.124242858886718750e+02,0.000000000000000000e+00,0.000000000000000000e+00,0.000000000000000000e+00,0.000000000000000000e+00,0.000000000000000000e+00,0.000000000000000000e+00,0.000000000000000000e+00,0.000000000000000000e+00,2.187478637695312500e+02,2.413244781494140625e+02,2.290325775146484375e+02,2.414930877685546875e+02,2.232888488769531250e+02,2.644044494628906250e+02,2.368707580566406250e+02,2.621736755371093750e+02,2.233002777099609375e+02,2.841037597656250000e+02,2.284992675781250000e+02,2.831863708496093750e+02
7.160000000000000000e+02,0.000000000000000000e+00,0.000000000000000000e+00,0.000000000000000000e+00,0.000000000000000000e+00,0.000000000000000000e+00,0.000000000000000000e+00,0.000000000000000000e+00,0.000000000000000000e+00,0.000000000000000000e+00,0.000000000000000000e+00,2.173924560546875000e+02,2.110832672119140625e+02,2.319681854248046875e+02,2.121663970947265625e+02,2.139490356445312500e+02,2.267246856689453125e+02,0.000000000000000000e+00,0.000000000000000000e+00,0.000000000000000000e+00,0.000000000000000000e+00,0.000000000000000000e+00,0.000000000000000000e+00,2.209241027832031250e+02,2.419729003906250000e+02,2.317008666992187500e+02,2.420348358154296875e+02,2.235275726318359375e+02,2.650661926269531250e+02,2.395417480468750000e+02,2.635317077636718750e+02,2.224742736816406250e+02,2.880936889648437500e+02,2.324726409912109375e+02,2.862973327636718750e+02
7.170000000000000000e+02,0.000000000000000000e+00,0.000000000000000000e+00,0.000000000000000000e+00,0.000000000000000000e+00,0.000000000000000000e+00,0.000000000000000000e+00,0.000000000000000000e+00,0.000000000000000000e+00,2.306844635009765625e+02,2.000882110595703125e+02,2.184810180664062500e+02,2.109997406005859375e+02,2.331977386474609375e+02,2.113329162597656250e+02,0.000000000000000000e+00,0.000000000000000000e+00,0.000000000000000000e+00,0.000000000000000000e+00,0.000000000000000000e+00,0.000000000000000000e+00,0.000000000000000000e+00,0.000000000000000000e+00,2.226256103515625000e+02,2.406312866210937500e+02,2.330790405273437500e+02,2.401446228027343750e+02,2.245240478515625000e+02,2.636885070800781250e+02,2.415931701660156250e+02,2.608054809570312500e+02,2.232561492919921875e+02,2.866095581054687500e+02,2.402689361572265625e+02,2.832375793457031250e+02
